,healthy_ctrl,Adenovirus_Simplex_virus,Dengue,Influenza,Paraflu_RespSyncytial,Pneumonia,Rhinovirus,Critical,Non-critical
healthy_ctrl,0,142,138,210,132,134,148,194,168
Adenovirus_Simplex_virus,142,0,128,212,150,140,154,204,174
Dengue,138,128,0,200,146,140,146,204,170
Influenza,210,212,200,0,214,200,210,260,230
Paraflu_RespSyncytial,132,150,146,214,0,130,148,202,164
Pneumonia,134,140,140,200,130,0,138,200,158
Rhinovirus,148,154,146,210,148,138,0,210,176
Critical,194,204,204,260,202,200,210,0,190
Non-critical,168,174,170,230,164,158,176,190,0